45.0,car,0.5177152752876282,0.4706866145133972,0.5819925665855408,0.5164196491241455
6.0,toilet,0.3978717625141144,0.2905883193016052,1.0,0.8606316447257996
4.0,book,0.08900278806686401,0.0013421624898910522,1.0,0.3480064868927002
23.0,car,0.46422895789146423,0.6752250790596008,0.7303739786148071,0.9106023907661438
30.0,car,0.5102770328521729,0.46655720472335815,0.5885797739028931,0.5162580609321594
54.0,person,0.11065620183944702,0.543772280216217,0.5987560153007507,0.7069447636604309
54.0,truck,0.1686343550682068,0.0,0.9804200530052185,0.9794562458992004
57.0,truck,0.17008209228515625,0.0,0.9819474220275879,0.9748343825340271
57.0,person,0.11439287662506104,0.5451275706291199,0.6056147813796997,0.6939510703086853
71.0,person,0.10492357611656189,0.5680786371231079,0.3872201144695282,0.7027127742767334
71.0,truck,0.19736960530281067,0.00630497932434082,0.9844976663589478,0.9575948119163513
69.0,truck,0.2004128098487854,0.008525609970092773,0.9832208752632141,0.9620140194892883
69.0,person,0.10600283741950989,0.5750682353973389,0.3692775070667267,0.6732137203216553
78.0,truck,0.159316748380661,0.0071125030517578125,0.9777947664260864,0.9691433310508728
78.0,person,0.1071176826953888,0.5544787645339966,0.6095001697540283,0.7039116621017456
61.0,truck,0.20009750127792358,0.0002821683883666992,0.9861055016517639,0.9527900218963623
85.0,person,0.0913255512714386,0.5562199950218201,0.5994542837142944,0.7024689316749573
59.0,truck,0.18598487973213196,0.0,0.9855818748474121,0.9656265377998352
85.0,truck,0.14889895915985107,0.004718154668807983,0.9742351770401001,0.969403862953186
85.0,person,0.24430829286575317,0.05135670304298401,0.35674548149108887,0.10039767622947693
81.0,truck,0.14827066659927368,0.007076621055603027,0.976942241191864,0.9780120849609375
90.0,person,0.0982912927865982,0.5585201978683472,0.5861740708351135,0.7134779691696167
90.0,truck,0.17327135801315308,0.008949041366577148,0.9738823771476746,0.9651110768318176
90.0,person,0.2817249298095703,0.1535855084657669,0.3781358003616333,0.2085123211145401
90.0,person,0.23692844808101654,0.06840796768665314,0.3603281080722809,0.12417468428611755
83.0,truck,0.16681569814682007,0.003749370574951172,0.9764872193336487,0.9787461757659912
83.0,person,0.11005762219429016,0.5625792145729065,0.6136248111724854,0.7126863598823547
83.0,person,0.26192188262939453,0.1774519830942154,0.34305548667907715,0.2191275805234909
93.0,person,0.23888900876045227,0.08436177670955658,0.36491718888282776,0.14033502340316772
93.0,truck,0.19136160612106323,0.007488995790481567,0.9750767350196838,0.9607328176498413
93.0,person,0.2880670428276062,0.1584651619195938,0.3758789300918579,0.20824597775936127
93.0,person,0.09973055124282837,0.5625295042991638,0.6062309145927429,0.7100332379341125
88.0,person,0.09918086230754852,0.5574076175689697,0.5990265011787415,0.7134426832199097
88.0,truck,0.17743223905563354,0.005162447690963745,0.9745623469352722,0.9646899700164795
88.0,person,0.23228736221790314,0.06266478449106216,0.3570171892642975,0.11008412390947342
100.0,person,0.09964585304260254,0.5619630217552185,0.6090988516807556,0.7038862109184265
100.0,person,0.27063462138175964,0.1098252683877945,0.38771387934684753,0.17648233473300934
100.0,truck,0.16603350639343262,0.009664714336395264,0.9762860536575317,0.9573495984077454
100.0,person,0.2992240786552429,0.15709790587425232,0.38964343070983887,0.21052402257919312
95.0,truck,0.18741199374198914,0.009491443634033203,0.975055456161499,0.9583617448806763
95.0,person,0.24170735478401184,0.08557964861392975,0.3678509294986725,0.14537979662418365
95.0,person,0.10602155327796936,0.559008777141571,0.620796799659729,0.7111319899559021
95.0,person,0.29224497079849243,0.1601012647151947,0.3742954730987549,0.20951586961746216
102.0,truck,0.1743849217891693,0.012082964181900024,0.975351095199585,0.9581780433654785
102.0,person,0.2974012792110443,0.1517416387796402,0.3942537009716034,0.20581896603107452
102.0,person,0.0991705060005188,0.5606125593185425,0.6070796847343445,0.700178861618042
107.0,truck,0.15652748942375183,0.010662347078323364,0.978123664855957,0.9601298570632935
107.0,person,0.09761787950992584,0.5670663118362427,0.5930439233779907,0.7106335163116455
105.0,truck,0.15079376101493835,0.010588973760604858,0.9736952781677246,0.9654799699783325
105.0,person,0.0957384705543518,0.5586994290351868,0.5934069752693176,0.7003985047340393
105.0,person,0.27790555357933044,0.14285649359226227,0.38743820786476135,0.19940723478794098
119.0,truck,0.18521156907081604,0.010704368352890015,0.9760667085647583,0.9590507745742798
109.0,truck,0.1748964488506317,0.01145625114440918,0.9781531095504761,0.9594109654426575
109.0,person,0.2696470618247986,0.14498743414878845,0.39449483156204224,0.20563599467277527
112.0,truck,0.192416250705719,0.013683557510375977,0.9788679480552673,0.9599695801734924
112.0,person,0.26779159903526306,0.15644046664237976,0.39432498812675476,0.21355581283569336
112.0,person,0.10465170443058014,0.5633318424224854,0.3974452018737793,0.6731460094451904
97.0,truck,0.1784185767173767,0.012792021036148071,0.9715592265129089,0.9517287015914917
97.0,person,0.24443013966083527,0.09868311882019043,0.36720627546310425,0.16390570998191833
97.0,person,0.29179567098617554,0.15957164764404297,0.37870359420776367,0.21036303043365479
117.0,truck,0.1579868197441101,0.011951863765716553,0.9697865843772888,0.9709309935569763
121.0,truck,0.18476060032844543,0.010592401027679443,0.9730057716369629,0.9587072730064392
114.0,truck,0.16074404120445251,0.009281367063522339,0.9713947772979736,0.9648393392562866
114.0,person,0.268349826335907,0.16187237203121185,0.39049750566482544,0.22264762222766876
114.0,person,0.1058456301689148,0.5661476850509644,0.6166060566902161,0.7068774700164795
126.0,truck,0.32202398777008057,0.3517169952392578,0.6429764032363892,0.6702921390533447
124.0,car,0.324390709400177,0.3659079670906067,0.6322277188301086,0.6598595976829529
124.0,truck,0.3271859884262085,0.36287426948547363,0.629216194152832,0.6607023477554321
129.0,truck,0.3027520477771759,0.320625901222229,0.6606388092041016,0.6715877652168274
133.0,truck,0.29025641083717346,0.24242405593395233,0.6783561706542969,0.6825708746910095
133.0,car,0.2923431098461151,0.25852763652801514,0.6824479103088379,0.69696444272995
138.0,truck,0.24312859773635864,0.15177688002586365,0.7111496925354004,0.7264316082000732
138.0,car,0.24065151810646057,0.15406140685081482,0.709248423576355,0.7384204864501953
143.0,truck,0.19609582424163818,0.03573772311210632,0.7245912551879883,0.8724365234375
141.0,truck,0.21563386917114258,0.073792964220047,0.7132327556610107,0.816501259803772
136.0,truck,0.276332288980484,0.19285589456558228,0.6902642250061035,0.711479127407074
136.0,car,0.2849366068840027,0.19332429766654968,0.7022050619125366,0.7139564752578735
145.0,truck,0.17205560207366943,0.0489441454410553,0.7343226671218872,0.9227733612060547
145.0,car,0.17205560207366943,0.0489441454410553,0.7343226671218872,0.9227733612060547
148.0,truck,0.21675071120262146,0.1017494797706604,0.7552624940872192,0.8970401287078857
150.0,truck,0.251813679933548,0.14687567949295044,0.7606528997421265,0.847618579864502
153.0,truck,0.33717143535614014,0.2256234884262085,0.7576313018798828,0.7614863514900208
131.0,truck,0.2948604226112366,0.2981574237346649,0.6671926379203796,0.6852974891662598
131.0,car,0.2948604226112366,0.2981574237346649,0.6671926379203796,0.6852974891662598
160.0,car,0.3914521038532257,0.01617659628391266,0.43218204379081726,0.06592626869678497
160.0,car,0.3557692766189575,0.30790817737579346,0.6194271445274353,0.574760913848877
157.0,car,0.3490678071975708,0.26417458057403564,0.6842919588088989,0.6443341970443726
157.0,truck,0.3490678071975708,0.26417458057403564,0.6842919588088989,0.6443341970443726
155.0,truck,0.36517810821533203,0.24971073865890503,0.736802339553833,0.6862284541130066
155.0,car,0.3539736866950989,0.25144708156585693,0.7291328310966492,0.6905971169471741
162.0,car,0.3886798322200775,0.07122883200645447,0.42891833186149597,0.1138228327035904
162.0,car,0.36058875918388367,0.30980634689331055,0.585387110710144,0.536151647567749
172.0,car,0.3803710341453552,0.3336672782897949,0.511660635471344,0.440213143825531
172.0,car,0.3762850761413574,0.19727373123168945,0.44923925399780273,0.24458667635917664
169.0,car,0.38040077686309814,0.164291650056839,0.4458683133125305,0.21348881721496582
169.0,car,0.3659282624721527,0.31755733489990234,0.5390084981918335,0.45447981357574463
167.0,car,0.35844919085502625,0.3070056140422821,0.5412501692771912,0.4735529124736786
167.0,car,0.37969809770584106,0.14494922757148743,0.44459885358810425,0.18988758325576782
52.0,truck,0.15983402729034424,0.0,0.9788467884063721,0.9782983660697937
64.0,truck,0.19902381300926208,0.0015774071216583252,0.9852486848831177,0.9572839736938477
52.0,person,0.10615122318267822,0.5479319095611572,0.5968579053878784,0.7393442392349243
179.0,horse,0.18505585193634033,0.029515281319618225,0.7436091899871826,0.30875444412231445
177.0,person,0.04606127738952637,0.00480218231678009,0.9574187994003296,0.4373388886451721
165.0,car,0.3620714545249939,0.31617823243141174,0.5564014911651611,0.4951804578304291
165.0,car,0.3820960223674774,0.11109662801027298,0.4433952867984772,0.15732216835021973
181.0,horse,0.15725699067115784,0.01762436330318451,0.7100272178649902,0.29072463512420654
181.0,car,0.3086193799972534,0.5904147624969482,0.5227600336074829,0.8239710330963135
66.0,truck,0.18400895595550537,0.002395838499069214,0.9829803705215454,0.9638955593109131
66.0,person,0.11169210076332092,0.5724563002586365,0.41795870661735535,0.7101371884346008
76.0,truck,0.14871463179588318,0.007450222969055176,0.9773920774459839,0.9738808870315552
76.0,person,0.1056978702545166,0.5603389143943787,0.6131349802017212,0.7077941298484802
73.0,truck,0.19082403182983398,0.005959302186965942,0.9781374931335449,0.9718081951141357
186.0,person,0.07004672288894653,0.0038175582885742188,1.0,0.45657026767730713
191.0,person,0.08289167284965515,0.0,0.9926116466522217,0.4252692759037018
193.0,person,0.022973299026489258,0.008197546005249023,0.9997460842132568,0.4330635666847229
184.0,horse,0.15774500370025635,0.02466842532157898,0.7125868797302246,0.26634475588798523
203.0,car,0.3350100517272949,0.5663546323776245,0.5312469005584717,0.7756384611129761
196.0,person,0.03267848491668701,0.012536361813545227,0.9995435476303101,0.44512438774108887
201.0,person,0.08605417609214783,0.007342055439949036,0.9944882392883301,0.44644075632095337
213.0,car,0.34111830592155457,0.5807536840438843,0.5454404950141907,0.8032768964767456
205.0,person,0.02928316593170166,0.0103425532579422,0.9978193044662476,0.46268630027770996
198.0,person,0.038495540618896484,0.009820118546485901,0.9933679103851318,0.4401066303253174
210.0,person,0.024919092655181885,0.0066370368003845215,0.9939879775047302,0.4528864622116089
210.0,car,0.3414723575115204,0.5762746334075928,0.5410866737365723,0.7927083969116211
222.0,person,0.06897243857383728,0.013505518436431885,0.9996488094329834,0.5139952301979065
222.0,car,0.3239387273788452,0.5844787955284119,0.5324070453643799,0.7978536486625671
215.0,car,0.33584970235824585,0.5779247879981995,0.5412106513977051,0.7966490387916565
220.0,car,0.3234459161758423,0.5750869512557983,0.52401202917099,0.7934103012084961
225.0,person,0.09470915794372559,0.009615316987037659,1.0,0.47225791215896606
225.0,car,0.3354460597038269,0.5855838060379028,0.5492182970046997,0.8043845891952515
229.0,horse,0.2285703420639038,0.09714412689208984,0.7553637027740479,0.3628665804862976
234.0,car,0.4163243770599365,0.5071230530738831,0.4960789680480957,0.5764761567115784
249.0,car,0.42071908712387085,0.6696970462799072,0.680554211139679,0.8982714414596558
239.0,car,0.38820305466651917,0.6266523003578186,0.608415961265564,0.8446516394615173
253.0,car,0.4262516498565674,0.4039871096611023,0.7816987037658691,0.7269085049629211
253.0,car,0.28783565759658813,0.6707298159599304,0.8240525126457214,1.0
253.0,car,0.27423056960105896,0.5965211391448975,0.4729447066783905,0.7298605442047119
232.0,car,0.3521119952201843,0.5916155576705933,0.5606897473335266,0.8208845853805542
241.0,car,0.44835999608039856,0.5147712230682373,0.5331485271453857,0.5919735431671143
251.0,car,0.4282757043838501,0.40331894159317017,0.7806229591369629,0.7259727120399475
251.0,car,0.2981957495212555,0.6701337695121765,0.8249377012252808,1.0
251.0,car,0.27503660321235657,0.5960659384727478,0.4703069031238556,0.7302859425544739
244.0,horse,0.29268741607666016,0.03278866410255432,0.9421449899673462,0.4542156457901001
261.0,car,0.43031975626945496,0.4044458866119385,0.7801108360290527,0.7274460792541504
261.0,car,0.2687692940235138,0.6725078821182251,0.8291639089584351,0.9998260736465454
261.0,car,0.1774521917104721,0.6379745006561279,0.2114107459783554,0.6835254430770874
261.0,car,0.4339839816093445,0.0020780563354492188,0.8942080140113831,0.3687775433063507
261.0,car,0.17625683546066284,0.5909899473190308,0.20962274074554443,0.6435434818267822
261.0,car,0.28167757391929626,0.5985813140869141,0.4742434322834015,0.7248380184173584
263.0,car,0.42996156215667725,0.4058011770248413,0.7819606065750122,0.7310012578964233
263.0,car,0.27908435463905334,0.6711107492446899,0.8277665376663208,0.9997773170471191
263.0,car,0.42669153213500977,0.0013998448848724365,0.8904159069061279,0.3608229160308838
263.0,car,0.26910361647605896,0.5965996384620667,0.46445050835609436,0.7258012890815735
258.0,car,0.4293358325958252,0.40479373931884766,0.7803441286087036,0.7308086156845093
258.0,car,0.2806161940097809,0.672372043132782,0.8285379409790039,1.0
258.0,car,0.4383426308631897,0.001955464482307434,0.8878310322761536,0.3628518581390381
258.0,car,0.2073202282190323,0.7362257838249207,0.2652136981487274,0.8034728169441223
258.0,car,0.1771073341369629,0.6368700861930847,0.21238279342651367,0.681455671787262
258.0,car,0.1739618331193924,0.5913944244384766,0.21095876395702362,0.6428167819976807
270.0,car,0.4328947067260742,0.4041159451007843,0.7840489149093628,0.7338788509368896
270.0,car,0.2875687777996063,0.6711163520812988,0.826263427734375,0.9999382495880127
270.0,car,0.4354843497276306,0.0030994415283203125,0.893873393535614,0.35935282707214355
270.0,car,0.20339176058769226,0.7252986431121826,0.26262906193733215,0.7783463001251221
270.0,car,0.26893067359924316,0.5938609838485718,0.46562659740448,0.7252693176269531
256.0,car,0.4236689805984497,0.403058797121048,0.7813694477081299,0.7283730506896973
256.0,car,0.29317694902420044,0.6711112260818481,0.8231297135353088,1.0
256.0,car,0.1774432212114334,0.6427439451217651,0.2098112851381302,0.6822284460067749
256.0,car,0.17390598356723785,0.5952277183532715,0.2081099897623062,0.642829179763794
265.0,car,0.43238797783851624,0.40508395433425903,0.7847405672073364,0.7329625487327576
265.0,car,0.28562211990356445,0.6703057289123535,0.8260623216629028,1.0
265.0,car,0.26727738976478577,0.5936439633369446,0.4598364531993866,0.7270594239234924
265.0,car,0.43644535541534424,0.003071308135986328,0.8914675712585449,0.3596242070198059
268.0,car,0.4328886568546295,0.4053395092487335,0.7843378782272339,0.7342369556427002
268.0,car,0.28445616364479065,0.6721108555793762,0.8249655961990356,0.9997532963752747
268.0,car,0.267042875289917,0.5936634540557861,0.46528542041778564,0.7252851724624634
268.0,car,0.4348374605178833,0.0032693594694137573,0.8919730186462402,0.36109215021133423
268.0,car,0.20093132555484772,0.7268689274787903,0.2625923156738281,0.7781087756156921
275.0,car,0.4319745898246765,0.40465280413627625,0.785100519657135,0.7322134971618652
275.0,car,0.28965169191360474,0.6744998693466187,0.8240928053855896,1.0
275.0,car,0.2649943232536316,0.5928180813789368,0.4657589793205261,0.7242311835289001
275.0,car,0.1746516078710556,0.6459722518920898,0.20873965322971344,0.6827504634857178
280.0,car,0.4314761757850647,0.40000176429748535,0.7834132313728333,0.729851245880127
280.0,car,0.28538835048675537,0.6732139587402344,0.8131715059280396,1.0
285.0,car,0.3072264790534973,0.3909192383289337,0.6360788941383362,0.6907645463943481
285.0,truck,0.17663878202438354,0.050560787320137024,0.36555081605911255,0.3254256248474121
273.0,car,0.4243224263191223,0.4042357802391052,0.7825993895530701,0.7295606732368469
273.0,car,0.28276270627975464,0.6719520688056946,0.827972948551178,1.0
273.0,car,0.43703171610832214,0.002812013030052185,0.8945304155349731,0.3601669669151306
273.0,car,0.2601058781147003,0.5952470302581787,0.4534284174442291,0.7268258333206177
277.0,car,0.430475652217865,0.40117233991622925,0.7824627757072449,0.7307571768760681
277.0,car,0.29277563095092773,0.6738141775131226,0.8224328756332397,1.0
277.0,car,0.2655291259288788,0.5950652956962585,0.4687053859233856,0.7241999506950378
287.0,car,0.2977951169013977,0.3976418375968933,0.6388732194900513,0.697947084903717
287.0,truck,0.16185469925403595,0.15976673364639282,0.3440622091293335,0.4147544503211975
292.0,car,0.27231544256210327,0.39750128984451294,0.6479809880256653,0.7213593125343323
292.0,truck,0.16669079661369324,0.024561136960983276,0.3205934762954712,0.29448965191841125
282.0,car,0.42657822370529175,0.4011493921279907,0.7819027304649353,0.7272775173187256
289.0,car,0.27056005597114563,0.401328980922699,0.6408461332321167,0.7139305472373962
282.0,car,0.2904966175556183,0.6734882593154907,0.8182803392410278,1.0
289.0,truck,0.1482243835926056,0.2627916932106018,0.3017440140247345,0.47465604543685913
282.0,car,0.26641952991485596,0.597194254398346,0.46208542585372925,0.7226011157035828
301.0,car,0.23663853108882904,0.3324742317199707,0.6545462608337402,0.7003620862960815
301.0,truck,0.0224369615316391,0.07208122313022614,0.24281974136829376,0.47460252046585083
299.0,car,0.24083377420902252,0.35760337114334106,0.6366155743598938,0.7056060433387756
299.0,truck,0.029864341020584106,0.03184640407562256,0.24450311064720154,0.3871713876724243
299.0,truck,0.09679340571165085,0.5450475215911865,0.1975344717502594,0.6602481603622437
294.0,car,0.26105350255966187,0.38280802965164185,0.6463720798492432,0.7193215489387512
294.0,truck,0.013384968042373657,0.00870475172996521,0.30178892612457275,0.3842122256755829
297.0,car,0.23516784608364105,0.37150973081588745,0.6266639828681946,0.717789351940155
297.0,truck,0.027644261717796326,0.009827524423599243,0.25758349895477295,0.4441257417201996
304.0,car,0.23405030369758606,0.3195558786392212,0.6659051179885864,0.6901837587356567
304.0,truck,0.04851669818162918,0.2562269866466522,0.21578407287597656,0.5166329145431519
306.0,car,0.23435719311237335,0.3052745759487152,0.6628374457359314,0.6846374273300171
306.0,truck,0.03995835781097412,0.3345806896686554,0.1943049132823944,0.6051769256591797
309.0,car,0.23620860278606415,0.25589773058891296,0.6984541416168213,0.6838076114654541
309.0,truck,0.0348176583647728,0.41153958439826965,0.18829011917114258,0.6216850876808167
311.0,car,0.23807860910892487,0.2509083151817322,0.7225919365882874,0.6813271045684814
311.0,truck,0.2436608374118805,0.26054441928863525,0.7249487638473511,0.6838213801383972
313.0,car,0.2375546097755432,0.24855904281139374,0.7422232627868652,0.6717131733894348
318.0,car,0.24911034107208252,0.20000633597373962,0.7614032030105591,0.6624348163604736
318.0,car,0.10415484011173248,0.7779213190078735,0.16635476052761078,0.8476465940475464
316.0,car,0.2286289930343628,0.2226555049419403,0.7437277436256409,0.6665098667144775
321.0,car,0.25909844040870667,0.1844235062599182,0.7928578853607178,0.6664437651634216
321.0,car,0.10523401200771332,0.8407713174819946,0.16038630902767181,0.9019635915756226
325.0,car,0.2647453248500824,0.17667850852012634,0.835659384727478,0.691224217414856
325.0,car,0.10560198128223419,0.8866915702819824,0.1605200618505478,0.9531106948852539
323.0,car,0.2717227637767792,0.18805187940597534,0.8288551568984985,0.6891813278198242
330.0,car,0.22980386018753052,0.20310184359550476,0.8020349144935608,0.7580820322036743
333.0,car,0.22296518087387085,0.22456753253936768,0.8118258118629456,0.8013538122177124
337.0,car,0.22020292282104492,0.2016543447971344,0.8200188875198364,0.811571478843689
335.0,car,0.21468564867973328,0.20927569270133972,0.8093639612197876,0.801505446434021
345.0,car,0.1548597514629364,0.1753537654876709,0.8150562047958374,0.8523873090744019
342.0,car,0.17179355025291443,0.19430720806121826,0.8148884773254395,0.8179588317871094
328.0,car,0.24064430594444275,0.1670578420162201,0.8319928646087646,0.7106819152832031
340.0,car,0.18981871008872986,0.17898839712142944,0.8181045055389404,0.8059678673744202
352.0,car,0.1551564633846283,0.11489367485046387,0.8943787813186646,0.8293492794036865
347.0,car,0.1553528904914856,0.16527658700942993,0.8520070910453796,0.8654362559318542
349.0,car,0.15872809290885925,0.15830573439598083,0.8759523630142212,0.8458212614059448
354.0,car,0.1556154489517212,0.11126109957695007,0.9064047336578369,0.8470783233642578
361.0,car,0.42939746379852295,0.7365822792053223,0.6983834505081177,0.9325926303863525
378.0,car,0.6700999736785889,0.5020024180412292,0.9833654165267944,0.8611218333244324
364.0,car,0.4596130847930908,0.7496720552444458,0.7430343627929688,0.9332189559936523
369.0,car,0.5470835566520691,0.7333389520645142,0.8755386471748352,0.9010928869247437
366.0,car,0.4755004048347473,0.7314413189888,0.7837607264518738,0.9176211953163147
373.0,car,0.5312771797180176,0.5668056011199951,0.986187219619751,0.8757331371307373
371.0,car,0.5711413621902466,0.6481184363365173,0.9457123279571533,0.8853982090950012
371.0,car,0.5893465280532837,0.7446825504302979,0.917883038520813,0.8928031921386719
455.0,person,0.19113683700561523,0.4914538860321045,0.9934666156768799,0.9453473091125488
462.0,traffic light,0.7054217457771301,0.12286198139190674,0.8032475113868713,0.14845523238182068
489.0,car,0.5818765759468079,0.5758225917816162,0.9976429343223572,0.9975464344024658
481.0,traffic light,0.2620728015899658,0.31479039788246155,0.41977858543395996,0.5219447612762451
474.0,traffic light,0.25713038444519043,0.2187604308128357,0.4452446699142456,0.46098917722702026
498.0,car,0.4993768334388733,0.6552649736404419,0.9053584933280945,0.9974987506866455
486.0,car,0.6527650356292725,0.5277438759803772,1.0,1.0
491.0,car,0.5514005422592163,0.591277003288269,0.98606276512146,0.9959698915481567
496.0,car,0.5136902928352356,0.625188946723938,0.9232866168022156,0.997666597366333
501.0,car,0.4736909866333008,0.6708859205245972,0.8335345983505249,1.0
501.0,traffic light,0.1719406694173813,0.8802347183227539,0.27173763513565063,0.9047812223434448
493.0,car,0.5401695966720581,0.6079186201095581,0.9889253377914429,0.9968374967575073
493.0,horse,0.2620399594306946,0.0,0.9920089840888977,0.5837901830673218
503.0,car,0.44706928730010986,0.6749253273010254,0.8065260648727417,0.9978014230728149
503.0,person,0.2079756259918213,0.01833200454711914,0.984107255935669,0.49033665657043457
505.0,car,0.4479767382144928,0.6709801554679871,0.7758921384811401,0.9761502146720886
510.0,car,0.4776371717453003,0.6562144756317139,0.7563143968582153,0.9373970031738281
510.0,traffic light,0.2505412697792053,0.8366327881813049,0.3234326243400574,0.85842365026474
508.0,car,0.46640101075172424,0.6572294235229492,0.778082013130188,0.9527394771575928
525.0,person,0.4377553164958954,0.5754209756851196,0.9958673715591431,0.7390420436859131
525.0,car,0.5161030292510986,0.6831464767456055,0.7397820949554443,0.8675596714019775
527.0,car,0.508260190486908,0.6598198413848877,0.7605124115943909,0.863877534866333
520.0,car,0.5667421817779541,0.8798105716705322,0.6662873029708862,0.9642130136489868
520.0,car,0.5824776291847229,0.8785176873207092,0.7201489806175232,0.9589796662330627
529.0,person,0.051891028881073,0.021919310092926025,0.9926201701164246,0.7080195546150208
532.0,horse,0.2141718566417694,0.08241179585456848,0.9379273653030396,0.48309633135795593
522.0,person,0.04538741707801819,0.02764946222305298,0.9912981986999512,0.7419039607048035
522.0,car,0.5660527348518372,0.8784795999526978,0.6664175391197205,0.9649761915206909
556.0,car,0.37857678532600403,0.4674646854400635,0.5585108995437622,0.6298874616622925
553.0,car,0.3628544807434082,0.464282751083374,0.5345126986503601,0.6201995611190796
558.0,car,0.38231196999549866,0.46944373846054077,0.5653736591339111,0.6350111365318298
561.0,car,0.3851046562194824,0.4762471318244934,0.5626296997070312,0.6361473202705383
570.0,car,0.39303484559059143,0.4872548282146454,0.5898300409317017,0.6790462732315063
575.0,car,0.4071241319179535,0.4992993474006653,0.6063168048858643,0.6894848942756653
563.0,car,0.3912155032157898,0.47636091709136963,0.5765069723129272,0.6439460515975952
580.0,car,0.41952481865882874,0.5080481171607971,0.6296343803405762,0.7018604874610901
565.0,car,0.3919556736946106,0.47286975383758545,0.5779696106910706,0.6471637487411499
573.0,car,0.3973967134952545,0.4930126965045929,0.5988363027572632,0.6827610731124878
585.0,car,0.44069012999534607,0.4647739827632904,0.6465311646461487,0.6601393818855286
568.0,car,0.38880810141563416,0.4752081036567688,0.581046462059021,0.6639129519462585
594.0,car,0.4723554849624634,0.4558098316192627,0.6870812177658081,0.6590737104415894
582.0,car,0.41969308257102966,0.4767204523086548,0.6447615027427673,0.6882944107055664
577.0,car,0.4055016338825226,0.5125157833099365,0.6212875247001648,0.7007102966308594
587.0,car,0.4442955553531647,0.4533035159111023,0.657056987285614,0.6471927762031555
604.0,sports ball,0.4677690863609314,0.39185911417007446,0.7541921734809875,0.6800965666770935
604.0,car,0.4677690863609314,0.39185911417007446,0.7541921734809875,0.6800965666770935
592.0,car,0.46446242928504944,0.44494107365608215,0.6796575784683228,0.647911787033081
606.0,dining table,0.4218975305557251,0.2768401503562927,0.758375883102417,0.6171749830245972
621.0,sports ball,0.005898594856262207,0.09649372100830078,0.4974566698074341,0.6771577596664429
613.0,car,0.06364259123802185,0.0,0.7353637218475342,0.6735653877258301
616.0,car,0.03235790133476257,0.010080486536026001,0.9099329710006714,0.8545297384262085
652.0,car,0.10387244820594788,0.002809971570968628,0.9875690937042236,0.9845180511474609
657.0,car,0.10159337520599365,0.0023166537284851074,0.9883600473403931,0.9850552082061768
659.0,car,0.10358020663261414,0.002089560031890869,0.9877710342407227,0.9780351519584656
664.0,car,0.09484481811523438,0.003240138292312622,0.9891265630722046,0.9907475709915161
661.0,car,0.09833356738090515,0.002903491258621216,0.9888221025466919,0.9827919006347656
666.0,car,0.09326308965682983,0.0022668838500976562,0.989030659198761,0.991994321346283
654.0,car,0.1046646237373352,0.003535449504852295,0.9884462952613831,0.9775934815406799
669.0,car,0.08601140975952148,0.0010790228843688965,0.9911142587661743,0.9941907525062561
671.0,car,0.0843224823474884,0.002351820468902588,0.9907481670379639,0.9920394420623779
673.0,car,0.07831844687461853,0.0013291239738464355,0.9913036823272705,0.990470290184021
676.0,car,0.07478782534599304,0.0007067024707794189,0.9924341440200806,0.988521933555603
688.0,car,0.06609484553337097,0.003142416477203369,0.991013765335083,0.9816357493400574
695.0,car,0.0670272707939148,0.0025758445262908936,0.9914187788963318,0.9911971092224121
683.0,car,0.07518661022186279,0.0019820034503936768,0.9908121824264526,0.98006272315979
690.0,car,0.06984883546829224,0.0030707120895385742,0.9907039999961853,0.9835254549980164
681.0,car,0.06737449765205383,0.0018350183963775635,0.9915834665298462,0.9868905544281006
697.0,car,0.06454381346702576,0.002461344003677368,0.9911633729934692,0.9912393093109131
685.0,car,0.07372766733169556,0.0026997923851013184,0.9907435774803162,0.978569746017456
678.0,car,0.07514232397079468,0.0019125044345855713,0.9918769001960754,0.9789210557937622
693.0,car,0.06858900189399719,0.0019129812717437744,0.9908415079116821,0.9874494075775146
702.0,car,0.06744047999382019,0.0031148195266723633,0.9904471635818481,0.984778642654419
700.0,car,0.062463343143463135,0.0014881789684295654,0.9912689328193665,0.9882680177688599
705.0,car,0.06454882025718689,0.002721339464187622,0.9902095794677734,0.9900572299957275
714.0,car,0.05237746238708496,0.0010448992252349854,0.9919406175613403,0.994218111038208
719.0,car,0.05324852466583252,0.0012926757335662842,0.991683840751648,0.9940248727798462
709.0,car,0.052506595849990845,0.0011778175830841064,0.9914929866790771,0.9896140098571777
707.0,car,0.05645230412483215,0.003025442361831665,0.9902462959289551,0.9899758100509644
712.0,car,0.05438080430030823,0.0014575421810150146,0.9908661842346191,0.9934608936309814
726.0,car,0.040364593267440796,0.0022982656955718994,0.9914640188217163,0.9938769340515137
717.0,car,0.05301716923713684,0.0011524856090545654,0.992767333984375,0.9924201965332031
721.0,car,0.04795393347740173,0.001200348138809204,0.9922530651092529,0.9919750690460205
731.0,person,0.4972488284111023,0.388039231300354,0.7978309988975525,0.44951140880584717
731.0,car,0.5795981287956238,0.42820876836776733,0.8335465788841248,0.6360918879508972
724.0,car,0.04834631085395813,0.0017871856689453125,0.9920731782913208,0.9912015199661255
729.0,car,0.04723355174064636,0.001859903335571289,0.9906119108200073,0.9915609955787659
741.0,person,0.5065877437591553,0.3899115025997162,0.7957092523574829,0.4589126408100128
745.0,car,0.5456362962722778,0.4118977189064026,0.8311463594436646,0.6953455805778503
745.0,person,0.5114344358444214,0.3832317292690277,0.8200143575668335,0.4629298746585846
733.0,person,0.5063369274139404,0.3697473406791687,0.8208745718002319,0.45347243547439575
738.0,person,0.51097172498703,0.38092976808547974,0.8056638836860657,0.4584660530090332
738.0,car,0.5900381803512573,0.44341129064559937,0.8448113203048706,0.6600684523582458
743.0,person,0.5070040225982666,0.3834974467754364,0.8175464868545532,0.46208974719047546
743.0,car,0.5525393486022949,0.42726650834083557,0.8246879577636719,0.6756650805473328
750.0,car,0.5369515419006348,0.4341696500778198,0.8692679405212402,0.7005177736282349
748.0,person,0.5063402652740479,0.38712161779403687,0.8190195560455322,0.4660205841064453
755.0,person,0.44036397337913513,0.4081896245479584,0.7565740346908569,0.47138962149620056
765.0,person,0.43225693702697754,0.4300212264060974,0.5926318168640137,0.49679428339004517
753.0,person,0.447883278131485,0.3904150724411011,0.7766607999801636,0.46519994735717773
769.0,person,0.43202948570251465,0.4303218424320221,0.571100115776062,0.5000053644180298
769.0,car,0.49791574478149414,0.17125925421714783,0.9910845756530762,0.8323932886123657
762.0,person,0.435830295085907,0.4313749074935913,0.6289624571800232,0.4945961833000183
762.0,car,0.5915588140487671,0.25392523407936096,0.9976260662078857,0.9889006614685059
760.0,car,0.5208882093429565,0.39161425828933716,0.8106546401977539,0.7544834017753601
772.0,person,0.436099112033844,0.44788074493408203,0.5704863667488098,0.5163774490356445
772.0,car,0.5049053430557251,0.2424669861793518,1.0,0.7894819378852844
777.0,car,0.549904465675354,0.18645735085010529,0.9915732145309448,0.6579851508140564
777.0,person,0.4450114369392395,0.4099700450897217,0.5627155900001526,0.4804062247276306
767.0,person,0.4322144687175751,0.430132120847702,0.5733809471130371,0.4966716468334198
767.0,car,0.4829564690589905,0.2896597385406494,0.997499406337738,0.8423522710800171
784.0,car,0.5513554215431213,0.3194742798805237,0.8726794123649597,0.6178292632102966
779.0,car,0.5625993609428406,0.25556695461273193,0.9875715374946594,0.628972053527832
784.0,person,0.4406227469444275,0.5027442574501038,0.5798903107643127,0.5609861016273499
779.0,person,0.4461377263069153,0.4364209771156311,0.5601571202278137,0.4967726469039917
784.0,car,0.4851572513580322,0.5508570671081543,0.6964868307113647,0.7213407754898071
779.0,car,0.498363196849823,0.5029916763305664,0.7350990176200867,0.6964007616043091
781.0,car,0.5527788400650024,0.2773193120956421,0.9334774017333984,0.6250552535057068
781.0,person,0.4448642134666443,0.4669570326805115,0.5972728133201599,0.5283644199371338
781.0,car,0.490106463432312,0.5286903977394104,0.7099411487579346,0.7016782164573669
789.0,car,0.5340602993965149,0.35101625323295593,0.8033244013786316,0.6168221235275269
789.0,person,0.4485851526260376,0.5453870296478271,0.572028636932373,0.5982345342636108
789.0,car,0.48172426223754883,0.5952469110488892,0.687169075012207,0.7742569446563721
774.0,person,0.44028159976005554,0.4175581932067871,0.5663331747055054,0.48356324434280396
791.0,car,0.47963863611221313,0.613183856010437,0.6839746832847595,0.7968366146087646
791.0,person,0.4402938783168793,0.5613769292831421,0.6011239290237427,0.6186443567276001
791.0,car,0.5349334478378296,0.36156198382377625,0.7912819385528564,0.6094696521759033
786.0,car,0.541059136390686,0.33505094051361084,0.8387819528579712,0.6173508763313293
786.0,car,0.4874354898929596,0.5703092217445374,0.6898490786552429,0.7469372153282166
786.0,person,0.45318448543548584,0.5143541097640991,0.5697247982025146,0.5752307176589966
793.0,car,0.47644004225730896,0.6340696215629578,0.6891990900039673,0.8283843398094177
793.0,car,0.45267289876937866,0.14265626668930054,0.5380526185035706,0.21316516399383545
793.0,person,0.47308868169784546,0.579371988773346,0.6459560990333557,0.6352148652076721
793.0,car,0.5120563507080078,0.3524493873119354,0.7764170169830322,0.6052992343902588
796.0,car,0.4725652039051056,0.6804120540618896,0.7007067203521729,0.8747659921646118
796.0,car,0.5176239609718323,0.3927665650844574,0.7535788416862488,0.5948182344436646
796.0,person,0.49566373229026794,0.4941975474357605,0.5441879630088806,0.5263212323188782
796.0,person,0.44583451747894287,0.6104646325111389,0.6737028360366821,0.6827878355979919
798.0,car,0.46944084763526917,0.6940277218818665,0.6890919804573059,0.8914281725883484
798.0,car,0.5123092532157898,0.39974960684776306,0.7276942133903503,0.5935090184211731
798.0,person,0.44369998574256897,0.6320481300354004,0.6272934675216675,0.6839233636856079
798.0,car,0.4647998809814453,0.21185731887817383,0.5269882082939148,0.2613719701766968
808.0,car,0.33867067098617554,0.39994001388549805,0.6432824730873108,0.6917728185653687
801.0,car,0.29993927478790283,0.3951834440231323,0.5989201664924622,0.6784045696258545
801.0,car,0.04176666960120201,0.8485729694366455,0.10476727783679962,0.9220887422561646
801.0,car,0.24538084864616394,0.22830168902873993,0.4365573823451996,0.3791964054107666
805.0,car,0.3460342288017273,0.39480823278427124,0.6427156329154968,0.6862828135490417
810.0,car,0.3466394543647766,0.3974851965904236,0.6417041420936584,0.6750802397727966
810.0,person,0.07573002576828003,0.8147355318069458,0.17025543749332428,0.9020681381225586
803.0,car,0.31454211473464966,0.3923417329788208,0.6243641972541809,0.6787370443344116
803.0,truck,0.31454211473464966,0.3923417329788208,0.6243641972541809,0.6787370443344116
820.0,person,0.14189709722995758,0.6314417123794556,0.2030974179506302,0.6620455980300903
817.0,person,0.06426435708999634,0.8089824914932251,0.18739727139472961,0.8430756330490112
813.0,car,0.3474276661872864,0.40415364503860474,0.6458496451377869,0.6752031445503235
825.0,car,0.3713509142398834,0.42157548666000366,0.6403425931930542,0.6854967474937439
832.0,car,0.3903505504131317,0.41906481981277466,0.6790949106216431,0.6910207867622375
832.0,person,0.16039185225963593,0.49144473671913147,0.2316153198480606,0.5159463882446289
832.0,person,0.13652560114860535,0.6757363677024841,0.22015073895454407,0.6963183283805847
832.0,person,0.17626579105854034,0.4665011465549469,0.22193892300128937,0.4829659163951874
832.0,car,0.33416613936424255,0.2590397298336029,0.526207447052002,0.4017350375652313
829.0,car,0.38778871297836304,0.42078661918640137,0.6649081110954285,0.6873995065689087
829.0,person,0.16091622412204742,0.4976813793182373,0.22879250347614288,0.5282095670700073
829.0,person,0.11960107088088989,0.6986798048019409,0.2210157811641693,0.7286646366119385
827.0,person,0.1546129584312439,0.5003875494003296,0.2283984124660492,0.5349401235580444
827.0,car,0.3797900080680847,0.4212711453437805,0.6488549113273621,0.687114417552948
827.0,person,0.15776412189006805,0.5451821684837341,0.22735904157161713,0.5790413022041321
822.0,person,0.08608359098434448,0.7406800985336304,0.1912422776222229,0.7760999202728271
822.0,person,0.13682860136032104,0.5398458242416382,0.21259555220603943,0.5741486549377441
822.0,person,0.15299977362155914,0.5971622467041016,0.20998777449131012,0.6373801231384277
834.0,car,0.4056518077850342,0.4194902777671814,0.6876728534698486,0.698596179485321
834.0,person,0.16440601646900177,0.4905487596988678,0.23624692857265472,0.5162823796272278
834.0,person,0.1376732885837555,0.6628228425979614,0.22166526317596436,0.6897925138473511
834.0,person,0.1795738935470581,0.46428000926971436,0.22707059979438782,0.4825358986854553
837.0,car,0.4100646376609802,0.42093509435653687,0.6921687722206116,0.7037844061851501
837.0,person,0.13657855987548828,0.6399335861206055,0.22196707129478455,0.6675558090209961
837.0,person,0.1700369417667389,0.4861874580383301,0.23056253790855408,0.5160573720932007
837.0,person,0.1798803210258484,0.45919227600097656,0.22816002368927002,0.4791826009750366
839.0,car,0.4137783646583557,0.43111830949783325,0.6974409222602844,0.7125920653343201
839.0,person,0.1720426231622696,0.4538288414478302,0.2299683541059494,0.47853943705558777
839.0,person,0.16728857159614563,0.4818575978279114,0.22798436880111694,0.5115581750869751
839.0,person,0.13681989908218384,0.6314696073532104,0.22177663445472717,0.661504864692688
846.0,car,0.3126409649848938,0.190221905708313,0.9906763434410095,0.872414231300354
841.0,person,0.16752910614013672,0.44805166125297546,0.22706851363182068,0.47540315985679626
841.0,person,0.1526147723197937,0.8270279169082642,0.240167498588562,0.8931546211242676
841.0,car,0.41448572278022766,0.4260624349117279,0.7097265720367432,0.7235836982727051
841.0,person,0.137266606092453,0.6184537410736084,0.2214820683002472,0.6422715187072754
844.0,car,0.40221482515335083,0.41583800315856934,0.7247608304023743,0.7266641855239868
844.0,person,0.1585792452096939,0.4263277053833008,0.22350125014781952,0.4576815366744995
844.0,person,0.15664327144622803,0.7438769340515137,0.22746258974075317,0.7929457426071167
844.0,person,0.13624146580696106,0.5901851058006287,0.2076544165611267,0.6125971674919128
844.0,car,0.13417302072048187,0.8689818978309631,0.24011556804180145,0.9752638936042786
849.0,car,0.3224453628063202,0.1891636848449707,0.9930658340454102,0.9225424528121948
851.0,car,0.28070181608200073,0.18380624055862427,0.9864431023597717,0.9851191639900208
853.0,person,0.23913854360580444,0.590193510055542,0.33950066566467285,0.6420907974243164
853.0,car,0.26693370938301086,0.16651320457458496,0.9911322593688965,0.9960758686065674
858.0,car,0.2652512490749359,0.09161341190338135,0.9883979558944702,0.9928840398788452
870.0,bus,0.1917734444141388,0.005638748407363892,0.9925752878189087,0.9926989078521729
856.0,car,0.2899112105369568,0.12647810578346252,0.991340696811676,0.9967482089996338
880.0,car,0.10000786185264587,0.09122917056083679,0.9932385683059692,0.9927821159362793
885.0,truck,0.2017698585987091,0.2548372447490692,0.9836573600769043,0.9848883152008057
882.0,truck,0.17562085390090942,0.20475107431411743,0.993264377117157,1.0
887.0,truck,0.2582078278064728,0.3437029719352722,0.9115904569625854,0.9421297907829285
887.0,car,0.16938000917434692,0.06663736701011658,0.19995054602622986,0.09216797351837158
887.0,car,0.2087966799736023,0.09405028820037842,0.280668705701828,0.15840241312980652
897.0,car,0.27517634630203247,0.41381287574768066,0.6366572380065918,0.7276120185852051
889.0,car,0.2165026217699051,0.16502392292022705,0.2783084511756897,0.21889740228652954
897.0,car,0.2496335208415985,0.2743959128856659,0.30733367800712585,0.3219837248325348
889.0,truck,0.2632347345352173,0.37088578939437866,0.8166811466217041,0.9155855774879456
897.0,car,0.25329771637916565,0.2073489874601364,0.3145810663700104,0.2487555593252182
889.0,car,0.1789894849061966,0.12527422606945038,0.20585860311985016,0.1478695422410965
897.0,car,0.21702393889427185,0.22901315987110138,0.2526344358921051,0.25647640228271484
889.0,car,0.16477449238300323,0.1764388531446457,0.18878419697284698,0.20092512667179108
897.0,car,0.17563563585281372,0.2897646129131317,0.1995030641555786,0.30926868319511414
889.0,car,0.22000087797641754,0.11755028367042542,0.2605034410953522,0.1553305983543396
892.0,car,0.2738890051841736,0.4058738350868225,0.7428179383277893,0.8299699425697327
892.0,car,0.21823947131633759,0.21878790855407715,0.2782495319843292,0.271545946598053
899.0,car,0.29064610600471497,0.4179849624633789,0.6017086505889893,0.6970028877258301
899.0,car,0.26142388582229614,0.20124557614326477,0.3215920329093933,0.24802273511886597
899.0,car,0.2549039423465729,0.2724383473396301,0.3162284791469574,0.32089221477508545
899.0,car,0.2292812317609787,0.16604185104370117,0.26275771856307983,0.1936323642730713
899.0,car,0.2504333555698395,0.05155554413795471,0.28890755772590637,0.09832081198692322
913.0,car,0.4218742847442627,0.0039357990026474,0.70295250415802,0.16607216000556946
913.0,car,0.31016620993614197,0.26630476117134094,0.36520376801490784,0.31637707352638245
904.0,car,0.39414310455322266,0.006093859672546387,0.6994673013687134,0.15170367062091827
904.0,car,0.2719551622867584,0.2716318666934967,0.31946417689323425,0.31119176745414734
904.0,car,0.3012189269065857,0.4091411828994751,0.5743886232376099,0.6177469491958618
904.0,car,0.2673555910587311,0.15597517788410187,0.3127187192440033,0.1991804987192154
904.0,car,0.272880494594574,0.2238231897354126,0.311941921710968,0.2606510519981384
909.0,car,0.4100744128227234,0.005528733134269714,0.6939699053764343,0.15786075592041016
909.0,car,0.2959343194961548,0.2608785033226013,0.3567303419113159,0.3151753544807434
909.0,car,0.30509576201438904,0.21500258147716522,0.36773785948753357,0.26346391439437866
909.0,car,0.2328849881887436,0.28890758752822876,0.2578980326652527,0.30657488107681274
909.0,car,0.22356122732162476,0.34360286593437195,0.25046801567077637,0.3616392910480499
911.0,car,0.3085269331932068,0.2126065492630005,0.37587130069732666,0.262940913438797
911.0,car,0.40672704577445984,0.006776370108127594,0.7023898363113403,0.1665130853652954
911.0,car,0.304292231798172,0.3039887249469757,0.3622787296772003,0.3478984534740448
911.0,car,0.3008364737033844,0.2736250162124634,0.3617653548717499,0.31823843717575073
911.0,car,0.27264174818992615,0.16169193387031555,0.31314340233802795,0.19907039403915405
911.0,car,0.2722528576850891,0.23181948065757751,0.30404871702194214,0.2587187886238098
911.0,car,0.26987144351005554,0.27502086758613586,0.3077559769153595,0.3018585741519928
911.0,car,0.3380873203277588,0.11905044317245483,0.48131781816482544,0.23991098999977112
918.0,car,0.46829453110694885,0.8706471920013428,0.5101215243339539,0.9086345434188843
918.0,car,0.46497276425361633,0.9071369767189026,0.5030153393745422,0.9415447115898132
921.0,car,0.4681546688079834,0.8712360262870789,0.5090681314468384,0.9076611399650574
921.0,car,0.4596865177154541,0.8984129428863525,0.5012030601501465,0.936858057975769
901.0,car,0.25844141840934753,0.2724880576133728,0.31834354996681213,0.3187544345855713
901.0,car,0.2889452576637268,0.4232819080352783,0.5740957856178284,0.6633495092391968
901.0,car,0.26516401767730713,0.20794542133808136,0.32101672887802124,0.25750279426574707
901.0,car,0.2686687409877777,0.29594850540161133,0.3208071291446686,0.3438284397125244
901.0,car,0.22771814465522766,0.23574282228946686,0.25739017128944397,0.25871017575263977
925.0,car,0.46246200799942017,0.867258608341217,0.5007776618003845,0.9047147631645203
916.0,car,0.4267852008342743,0.0040869563817977905,0.7094120979309082,0.1704309731721878
916.0,car,0.3145236074924469,0.3056747019290924,0.3680243194103241,0.34532585740089417
916.0,car,0.3090640902519226,0.2660018801689148,0.36821693181991577,0.3172788619995117
916.0,car,0.3771630525588989,0.1292605847120285,0.4991099238395691,0.23830731213092804
916.0,car,0.3217090666294098,0.21267864108085632,0.37554314732551575,0.2703875005245209
906.0,car,0.40197068452835083,0.004206642508506775,0.7034057974815369,0.15733122825622559
906.0,car,0.22046148777008057,0.34531304240226746,0.24947211146354675,0.3637414276599884
906.0,car,0.27006712555885315,0.2709571421146393,0.31638452410697937,0.30572012066841125
923.0,car,0.46462318301200867,0.8698251843452454,0.5045512318611145,0.910113513469696
923.0,horse,0.11364352703094482,0.050943151116371155,0.8226099014282227,0.4692270755767822
923.0,car,0.46056750416755676,0.9011937975883484,0.49817439913749695,0.9392456412315369
928.0,car,0.46656087040901184,0.8662418127059937,0.5100651383399963,0.9062610864639282
928.0,car,0.4573519229888916,0.9051858186721802,0.4994024634361267,0.9418021440505981
894.0,car,0.260991632938385,0.41724011301994324,0.6812803149223328,0.7915841341018677
894.0,car,0.223445326089859,0.2588055729866028,0.27926382422447205,0.30690258741378784
894.0,car,0.2192850410938263,0.2247907966375351,0.26150187849998474,0.2603832185268402
930.0,car,0.46654269099235535,0.864628791809082,0.5084887742996216,0.9086060523986816
933.0,car,0.4497932195663452,0.9163151383399963,0.4863486886024475,0.9452138543128967
937.0,car,0.4452901780605316,0.9124788641929626,0.4864354431629181,0.9484664797782898
937.0,car,0.4456607699394226,0.9627872705459595,0.48460912704467773,0.9890625476837158
937.0,car,0.45479243993759155,0.7638595104217529,0.4835512042045593,0.7932586669921875
937.0,car,0.4585886001586914,0.8632789850234985,0.5028602480888367,0.9058630466461182
942.0,car,0.4605797529220581,0.8561167120933533,0.5128556489944458,0.9056664109230042
945.0,car,0.4651893973350525,0.8513597846031189,0.5134003162384033,0.900966465473175
945.0,car,0.4541887640953064,0.9571155309677124,0.5002411007881165,0.9887351989746094
935.0,car,0.4512147307395935,0.9179028868675232,0.4861212372779846,0.9453107714653015
935.0,car,0.4589017331600189,0.8682035207748413,0.5013884902000427,0.909473180770874
940.0,car,0.45703980326652527,0.8587244749069214,0.5091785192489624,0.9079864025115967
940.0,car,0.44432327151298523,0.9589420557022095,0.48927924036979675,0.9909999370574951
952.0,car,0.4613238275051117,0.8377878665924072,0.5123791694641113,0.8900141716003418
952.0,car,0.44352278113365173,0.9597776532173157,0.48899540305137634,0.9900533556938171
954.0,car,0.45855534076690674,0.834233820438385,0.5146465301513672,0.8893746733665466
961.0,car,0.45860007405281067,0.8187671303749084,0.5238333344459534,0.8749772906303406
961.0,car,0.44663089513778687,0.9078538417816162,0.503956139087677,0.9563777446746826
947.0,car,0.464124470949173,0.8477242588996887,0.5135400295257568,0.8986484408378601
964.0,car,0.4642380475997925,0.8024423122406006,0.5261260271072388,0.864812970161438
964.0,car,0.45187920331954956,0.9089853763580322,0.507307231426239,0.958588719367981
949.0,car,0.4606766998767853,0.8440746068954468,0.5125085711479187,0.8950974941253662
949.0,car,0.4578646421432495,0.7616757154464722,0.4851400852203369,0.7947815656661987
966.0,car,0.45738428831100464,0.7975114583969116,0.5227603316307068,0.8591928482055664
966.0,car,0.45028847455978394,0.9066792130470276,0.5042811036109924,0.9491996169090271
959.0,car,0.4654519855976105,0.8260950446128845,0.5231599807739258,0.8815951943397522
959.0,car,0.4501907527446747,0.9023042321205139,0.5016344785690308,0.9533172249794006
957.0,car,0.4612235724925995,0.8308971524238586,0.5208867788314819,0.8848099112510681
969.0,car,0.45946720242500305,0.7855144143104553,0.5228052139282227,0.8451516032218933
969.0,car,0.4447880983352661,0.9148331880569458,0.48602521419525146,0.945132851600647
969.0,car,0.45026344060897827,0.9131330251693726,0.500821053981781,0.9499253034591675
973.0,car,0.46211445331573486,0.769353449344635,0.5278643369674683,0.8285921216011047
973.0,car,0.4504338204860687,0.8987743258476257,0.5046804547309875,0.9415844082832336
971.0,car,0.4607595205307007,0.7738702297210693,0.5254142880439758,0.8354960680007935
971.0,car,0.4477718472480774,0.9037976861000061,0.504159152507782,0.9496340155601501
971.0,car,0.44349536299705505,0.9131569862365723,0.4866088330745697,0.9434616565704346
981.0,car,0.46053141355514526,0.7270869612693787,0.5392513871192932,0.7973886132240295
981.0,car,0.4500943422317505,0.8538159132003784,0.5099132061004639,0.9123361110687256
981.0,car,0.4454563856124878,0.9290542006492615,0.4774722456932068,0.9507192969322205
985.0,car,0.4476858377456665,0.844436764717102,0.5208040475845337,0.9128742218017578
985.0,car,0.4408372640609741,0.9271263480186462,0.47839218378067017,0.9528480172157288
985.0,car,0.46526899933815,0.6870449781417847,0.5467351078987122,0.7703648805618286
983.0,car,0.446483850479126,0.8490294218063354,0.5126206278800964,0.9119817018508911
983.0,car,0.4579702317714691,0.7220680713653564,0.5387915372848511,0.7865129709243774
983.0,car,0.44259536266326904,0.9288942813873291,0.4784194827079773,0.9521287679672241
976.0,car,0.4450993835926056,0.8799182176589966,0.5057929158210754,0.9349368810653687
976.0,car,0.4621267020702362,0.7440788745880127,0.538476288318634,0.8096561431884766
988.0,car,0.44772395491600037,0.8357420563697815,0.5234483480453491,0.9070085883140564
988.0,car,0.46762073040008545,0.6708918809890747,0.552501916885376,0.7630249261856079
988.0,car,0.44173523783683777,0.9262027144432068,0.4772610366344452,0.9499247670173645
978.0,car,0.4654906988143921,0.7388769388198853,0.5399632453918457,0.8036102056503296
978.0,car,0.4508778154850006,0.8858440518379211,0.5062962770462036,0.9306934475898743
990.0,car,0.44856753945350647,0.8342911601066589,0.5208417177200317,0.8985454440116882
993.0,car,0.44941407442092896,0.8242030143737793,0.5254818797111511,0.8877325057983398
990.0,car,0.44409218430519104,0.9261655807495117,0.47743919491767883,0.948926568031311
993.0,car,0.44229090213775635,0.91959547996521,0.48183000087738037,0.946863055229187
990.0,car,0.4604910612106323,0.6492592692375183,0.5538376569747925,0.7549559473991394
993.0,car,0.44130685925483704,0.7976199984550476,0.5275352001190186,0.8784779906272888
995.0,car,0.44521066546440125,0.9153014421463013,0.4856437146663666,0.9452065229415894
995.0,car,0.44690921902656555,0.7946481704711914,0.5362252593040466,0.8778810501098633
995.0,car,0.49315500259399414,0.5996177792549133,0.5764375925064087,0.7063516974449158
995.0,car,0.45943984389305115,0.8382376432418823,0.5206544995307922,0.8862800598144531
997.0,car,0.4502418637275696,0.7903838753700256,0.5371742844581604,0.8732582926750183
997.0,car,0.4392071068286896,0.9093377590179443,0.48925015330314636,0.945809006690979
997.0,car,0.4588615894317627,0.8345645666122437,0.5204876661300659,0.8791455030441284
1007.0,car,0.45745739340782166,0.862477719783783,0.5189149975776672,0.9141198992729187
1007.0,horse,0.22835078835487366,0.07825961709022522,0.7934694290161133,0.4479701817035675
1007.0,car,0.4651394784450531,0.7175264954566956,0.5663352012634277,0.8229424357414246
1007.0,horse,0.2162422090768814,0.19609107077121735,0.7084187865257263,0.4531162977218628
1007.0,car,0.45425525307655334,0.8895326852798462,0.5111108422279358,0.9285867214202881
1002.0,car,0.462030291557312,0.7670080065727234,0.5621345043182373,0.8519609570503235
1002.0,car,0.45596009492874146,0.8929312229156494,0.5078743100166321,0.9356067180633545
1000.0,car,0.4482332170009613,0.7730677127838135,0.5460699796676636,0.864434003829956
1000.0,car,0.44228076934814453,0.9126415848731995,0.4861280918121338,0.9425217509269714
1012.0,car,0.45531824231147766,0.8537793159484863,0.5254910588264465,0.9099284410476685
1005.0,car,0.4564220607280731,0.8864770531654358,0.5134265422821045,0.9296620488166809
1005.0,car,0.466600626707077,0.8713282942771912,0.5155656933784485,0.9120492339134216
1005.0,car,0.468398779630661,0.7313258051872253,0.5517662763595581,0.8200984597206116
1005.0,car,0.4859156012535095,0.7265098094940186,0.5745194554328918,0.8157985210418701
1009.0,car,0.45640531182289124,0.8576128482818604,0.5263665318489075,0.9150842428207397
1009.0,car,0.48342904448509216,0.6829612255096436,0.5940535664558411,0.81061851978302
1021.0,car,0.4790182411670685,0.8581197261810303,0.5384855270385742,0.8908689022064209
1021.0,car,0.45138996839523315,0.914823055267334,0.48890912532806396,0.9469692707061768
1019.0,car,0.47855404019355774,0.8489373922348022,0.5418099164962769,0.8911938667297363
1017.0,car,0.47696173191070557,0.8417514562606812,0.5379320383071899,0.8912975788116455
1026.0,car,0.467214971780777,0.9008800983428955,0.5041011571884155,0.9451186656951904
1026.0,car,0.5033655166625977,0.5931634902954102,0.6002465486526489,0.7111272811889648
1026.0,car,0.4684893488883972,0.8582701683044434,0.5049836039543152,0.8924609422683716
1031.0,car,0.516642689704895,0.8548207879066467,0.5527441501617432,0.8960058093070984
1031.0,car,0.518463134765625,0.8061449527740479,0.5587114095687866,0.8400839567184448
1024.0,car,0.4671269655227661,0.9154913425445557,0.5021330714225769,0.951029896736145
1024.0,car,0.4694664478302002,0.8575626611709595,0.5146411061286926,0.8921743631362915
1024.0,car,0.4744532108306885,0.7849640846252441,0.5481278896331787,0.8549371957778931
1029.0,car,0.4940444827079773,0.8559215664863586,0.5335291028022766,0.8969281315803528
1038.0,car,0.5191630125045776,0.846937894821167,0.5598341226577759,0.8910999298095703
1038.0,car,0.5308380722999573,0.7522479295730591,0.5822861790657043,0.8037732839584351
1038.0,car,0.5252757668495178,0.804373025894165,0.5714144110679626,0.8447620868682861
1041.0,car,0.523205578327179,0.7907729744911194,0.5751227736473083,0.8321827054023743
1041.0,car,0.5233451128005981,0.9171615242958069,0.5601423978805542,0.9506440758705139
1041.0,car,0.5192071795463562,0.8557270765304565,0.5552744269371033,0.892528772354126
1045.0,car,0.4933616518974304,0.8507752418518066,0.5406461358070374,0.8974794149398804
1033.0,car,0.5277786254882812,0.8525641560554504,0.5660601854324341,0.8918216824531555
1033.0,car,0.5352205038070679,0.8141393065452576,0.5764886140823364,0.8478943705558777
1048.0,car,0.48468801379203796,0.8991420865058899,0.5302586555480957,0.9345014691352844
1048.0,car,0.4902445077896118,0.8546850681304932,0.5341838598251343,0.8917380571365356
1048.0,person,0.07851570844650269,0.041855305433273315,0.9887896180152893,0.7761385440826416
1048.0,car,0.4963874816894531,0.7732958793640137,0.5555014610290527,0.8299411535263062
1043.0,car,0.49500373005867004,0.847637951374054,0.5420093536376953,0.8940678238868713
1043.0,car,0.5032116770744324,0.7865438461303711,0.5621593594551086,0.8364641666412354
1053.0,car,0.5060904622077942,0.9036934971809387,0.5592047572135925,0.9503446221351624
1053.0,car,0.5203695893287659,0.7766845226287842,0.58749920129776,0.830594539642334
1053.0,car,0.5139093399047852,0.8616358637809753,0.5626442432403564,0.9001174569129944
1036.0,car,0.5193966031074524,0.8540235161781311,0.555581271648407,0.8938855528831482
1036.0,car,0.5184960961341858,0.8091906905174255,0.5580268502235413,0.8413322567939758
1014.0,car,0.45918187499046326,0.8480965495109558,0.5251209139823914,0.9014031291007996
1014.0,car,0.46538594365119934,0.725845217704773,0.5422261953353882,0.8083574771881104
1057.0,car,0.5065293908119202,0.7401248216629028,0.5835183262825012,0.815000057220459
1057.0,car,0.49604687094688416,0.771489143371582,0.5745975375175476,0.8282643556594849
1057.0,person,0.05617275834083557,0.07999742031097412,0.9899433851242065,0.9187687635421753
1057.0,car,0.4905450642108917,0.8648074269294739,0.5448403358459473,0.9113801121711731
1050.0,car,0.5034648180007935,0.7737521529197693,0.570952296257019,0.8269460797309875
1050.0,person,0.11535829305648804,0.10820049047470093,0.9916929602622986,0.8805795311927795
1050.0,car,0.4914778470993042,0.8484101891517639,0.545395016670227,0.8935354351997375
1062.0,car,0.5044735670089722,0.7193242311477661,0.598273515701294,0.8137890100479126
1062.0,car,0.49814337491989136,0.8502437472343445,0.5575230717658997,0.9129342436790466
1062.0,person,0.03603789210319519,0.05093088746070862,0.9885486364364624,0.9097998142242432
1055.0,car,0.517000138759613,0.7742175459861755,0.5818012356758118,0.8271263241767883
1060.0,car,0.4934399425983429,0.7300260066986084,0.5845376253128052,0.8158901929855347
1060.0,car,0.48527956008911133,0.8570246696472168,0.5448697805404663,0.9115890264511108
1060.0,car,0.4851383864879608,0.9100824594497681,0.5434399843215942,0.9605960845947266
1060.0,person,0.03130277991294861,0.02815157175064087,0.9897233247756958,0.8839507102966309
1065.0,car,0.50035160779953,0.7053183913230896,0.6057683825492859,0.8095456957817078
1065.0,car,0.47247880697250366,0.896101713180542,0.5602293610572815,0.969589114189148
1065.0,car,0.4927436411380768,0.84625643491745,0.5627577304840088,0.9177706837654114
1067.0,car,0.49969911575317383,0.698675274848938,0.6075993776321411,0.8105103969573975
1067.0,car,0.4994884431362152,0.8492265939712524,0.5595164895057678,0.9196209907531738
1069.0,car,0.4837169945240021,0.8521889448165894,0.549737274646759,0.912656307220459
1079.0,car,0.49494361877441406,0.8404067158699036,0.5808714628219604,0.9223324656486511
1079.0,car,0.49446195363998413,0.9288351535797119,0.5780460238456726,0.9958705902099609
1079.0,car,0.4769255518913269,0.5241703391075134,0.6585169434547424,0.7239301800727844
1077.0,truck,0.4363132417201996,0.5243911743164062,0.640322744846344,0.7511551380157471
1072.0,car,0.4720867872238159,0.8728865385055542,0.5488011837005615,0.9480639696121216
1086.0,car,0.4938288629055023,0.7802380919456482,0.6043859720230103,0.8817805647850037
1086.0,person,0.14641457796096802,0.2051585614681244,0.9667317271232605,0.7072281837463379
1086.0,car,0.4892292618751526,0.8645509481430054,0.6057068705558777,0.9719815254211426
1074.0,car,0.47575512528419495,0.8712799549102783,0.55372554063797,0.9487791061401367
1074.0,car,0.47017407417297363,0.7822123765945435,0.511997401714325,0.8403524160385132
1084.0,car,0.4865788519382477,0.8743220567703247,0.5900850296020508,0.9778687953948975
1084.0,person,0.10920518636703491,0.20425575971603394,0.9691895842552185,0.722202479839325
1084.0,car,0.48564398288726807,0.803916335105896,0.5882773399353027,0.9053740501403809
1081.0,person,0.16252759099006653,0.25125882029533386,0.99542236328125,0.7681437730789185
1081.0,car,0.4922826886177063,0.8339402675628662,0.5723608136177063,0.9208652973175049
1101.0,traffic light,0.2712033987045288,0.4068736135959625,0.3196229934692383,0.43449899554252625
1091.0,car,0.47271862626075745,0.7048260569572449,0.5958032608032227,0.8153654932975769
1091.0,person,0.0198192298412323,0.0071659088134765625,0.9908757209777832,0.6943106651306152
1110.0,traffic light,0.09767705202102661,0.8929920792579651,0.17204484343528748,0.9105660319328308
1110.0,car,0.36937883496284485,0.678270697593689,0.4245307743549347,0.7471363544464111
1115.0,car,0.3515271842479706,0.7848843932151794,0.4312036335468292,0.8592932820320129
1115.0,person,0.3554703891277313,0.19738918542861938,0.42964914441108704,0.2610069811344147
1127.0,car,0.294447660446167,0.7897075414657593,0.5479056239128113,0.9949895143508911
1127.0,car,0.3607759177684784,0.09869430959224701,0.6832523345947266,0.4018879532814026
1127.0,car,0.2983640730381012,0.6661826968193054,0.4008905589580536,0.7408222556114197
1120.0,traffic light,0.02011995017528534,0.8168788552284241,0.10885509848594666,0.8383917212486267
1120.0,car,0.33619746565818787,0.7298749685287476,0.42979350686073303,0.8070806264877319
1120.0,car,0.34538012742996216,0.8333145380020142,0.5659302473068237,0.996498703956604
1120.0,car,0.33617931604385376,0.7815595269203186,0.4515814781188965,0.8647657036781311
1125.0,car,0.30274391174316406,0.812661349773407,0.5448958873748779,0.9972127079963684
1125.0,car,0.3034665882587433,0.6725654602050781,0.3942340910434723,0.7527886629104614
1125.0,car,0.27427950501441956,0.7558015584945679,0.41258808970451355,0.851265549659729
1125.0,traffic light,0.007123159244656563,0.7755940556526184,0.05811411887407303,0.7981734871864319
1125.0,car,0.3577239215373993,0.16307169198989868,0.6850202083587646,0.412758469581604
1122.0,car,0.3915182948112488,0.2739914655685425,0.6284814476966858,0.46998733282089233
1122.0,car,0.32752808928489685,0.8144233822822571,0.5587058067321777,0.9975642561912537
1129.0,car,0.2896898090839386,0.7772242426872253,0.5356426239013672,0.9869021773338318
1129.0,car,0.2888491153717041,0.6293652057647705,0.38570207357406616,0.7195389270782471
1129.0,car,0.26061275601387024,0.7292194366455078,0.41327664256095886,0.8148585557937622
1132.0,car,0.2877728343009949,0.7859764099121094,0.5300275087356567,0.9846457242965698
1132.0,car,0.2602492570877075,0.7288141250610352,0.4180055260658264,0.8153461217880249
1132.0,car,0.3253215551376343,0.292600154876709,0.42693251371383667,0.3897346258163452
1117.0,car,0.3560437262058258,0.8419035077095032,0.5777902007102966,0.9992679953575134
1134.0,car,0.2890239655971527,0.7809937596321106,0.5251782536506653,0.9802154898643494
